l(r:p13udt8521lv-p13ulv18546);(-122.30604375102438,37.81696478915535);(-122.30593123952976,37.816846957038315)

l(r:p13udt22087lv-p13ulv64929);(-122.3052578673596,37.81595971173901);(-122.30532729838556,37.81582492598119)

l(r:p13udt22087-p13udt8521);(-122.30616990139873,37.8168393500857);(-122.30628477487359,37.816704831446536);(-122.30614954179195,37.8165868657133);(-122.30602566991601,37.816468966760766);(-122.30589043767581,37.816351000733626);(-122.30575520586554,37.8162330345531);(-122.30565422548209,37.81609724409288);(-122.30546193768987,37.81600598027835);(-122.3052578673596,37.81595971173901)

l(r:p13udt22085lv-p13ulv64927);(-122.30604375102438,37.81696478915535);(-122.30583984647963,37.816900496565985)

l(r:p13udt22085-p13udt8521)

l(r:p13udt8521-p13uhs19_1247);(-122.30590270538084,37.81761739068248);(-122.30571600323954,37.81755711599147);(-122.30556873316014,37.81751118277052);(-122.30569912681086,37.81736834396763);(-122.30581400196773,37.81723382581606);(-122.30592887670555,37.8170993075453);(-122.30604375102438,37.81696478915535)

fuse(r:p13udt22087-p13udt8521)p13u_190929

